steps	accuracy	loss
0	0.094	2.302
100	0.078	2.303
200	0.086	2.302
300	0.164	2.3
400	0.203	1.978
500	0.273	2.004
600	0.234	2.052
700	0.305	1.857
800	0.242	1.967
900	0.32	1.879
1000	0.281	1.846
1100	0.297	1.893
1200	0.25	1.972
1300	0.234	1.879
1400	0.32	1.806
1500	0.383	1.751
1600	0.352	1.835
1700	0.313	1.745
1800	0.336	1.805
1900	0.352	1.739
2000	0.367	1.656
2100	0.383	1.837
2200	0.313	1.847
2300	0.469	1.493
2400	0.383	1.709
2500	0.383	1.668
2600	0.352	1.653
2700	0.375	1.649
2800	0.461	1.605
2900	0.477	1.464
3000	0.461	1.521
3100	0.43	1.488
3200	0.422	1.583
3300	0.461	1.49
3400	0.438	1.483
3500	0.43	1.677
3600	0.414	1.51
3700	0.43	1.639
3800	0.508	1.342
3900	0.453	1.516
4000	0.391	1.625
4100	0.406	1.575
4200	0.398	1.578
4300	0.492	1.513
4400	0.516	1.432
4500	0.477	1.45
4600	0.523	1.525
4700	0.469	1.45
4800	0.438	1.416
4900	0.422	1.498
5000	0.539	1.307
5100	0.492	1.353
5200	0.445	1.465
5300	0.5	1.355
5400	0.539	1.446
5500	0.531	1.386
5600	0.445	1.363
5700	0.609	1.372
5800	0.453	1.396
5900	0.555	1.207
6000	0.539	1.338
6100	0.5	1.274
6200	0.461	1.464
6300	0.469	1.369
6400	0.516	1.239
6500	0.547	1.365
6600	0.492	1.378
6700	0.508	1.332
6800	0.516	1.246
6900	0.523	1.231
7000	0.547	1.324
7100	0.602	1.183
7200	0.523	1.314
7300	0.445	1.364
7400	0.531	1.231
7500	0.531	1.301
7600	0.594	1.192
7700	0.57	1.252
7800	0.602	1.207
7900	0.586	1.247
8000	0.563	1.229
8100	0.586	1.141
8200	0.508	1.315
8300	0.516	1.378
8400	0.578	1.3
8500	0.594	1.189
8600	0.563	1.328
8700	0.547	1.146
8800	0.555	1.303
8900	0.57	1.242
9000	0.523	1.235
9100	0.57	1.231
9200	0.57	1.215
9300	0.531	1.181
9400	0.57	1.227
9500	0.539	1.184
9600	0.5	1.229
9700	0.57	1.184
9800	0.648	1.026
9900	0.617	1.115
10000	0.563	1.275
10100	0.602	1.153
10200	0.547	1.253
10300	0.57	1.255
10400	0.586	1.153
10500	0.523	1.253
10600	0.57	1.099
10700	0.516	1.21
10800	0.594	1.27
10900	0.563	1.203
11000	0.523	1.211
11100	0.586	1.172
11200	0.57	1.161
11300	0.539	1.217
11400	0.578	1.085
11500	0.633	1.068
11600	0.602	1.103
11700	0.547	1.235
11800	0.617	1.079
11900	0.641	1.093
12000	0.672	1.032
12100	0.625	1.081
12200	0.609	1.114
12300	0.641	1.07
12400	0.641	1.133
12500	0.656	1.039
12600	0.617	1.054
12700	0.602	1.043
12800	0.625	1.143
12900	0.695	0.968
13000	0.617	1.074
13100	0.516	1.15
13200	0.57	1.099
13300	0.664	1.052
13400	0.633	0.963
13500	0.602	0.988
13600	0.586	1.072
13700	0.602	1.139
13800	0.617	1.076
13900	0.539	1.077
14000	0.617	1.009
14100	0.555	1.165
14200	0.617	0.969
14300	0.625	1.074
14400	0.625	1.048
14500	0.609	1.082
14600	0.703	0.865
14700	0.664	0.96
14800	0.578	1.126
14900	0.633	0.96
15000	0.594	1.019
15100	0.625	1.09
15200	0.727	0.852
15300	0.695	0.942
15400	0.625	1.025
15500	0.68	0.797
15600	0.68	0.982
15700	0.711	0.881
15800	0.625	1.078
15900	0.57	1.001
16000	0.664	1.004
16100	0.633	0.977
16200	0.719	0.961
16300	0.594	1.091
16400	0.641	0.96
16500	0.656	0.958
16600	0.68	0.892
16700	0.672	0.842
16800	0.625	1.062
16900	0.672	0.94
17000	0.672	0.826
17100	0.75	0.796
17200	0.625	1.026
17300	0.719	0.87
17400	0.695	0.893
17500	0.656	0.981
17600	0.68	0.895
17700	0.625	0.988
17800	0.648	0.924
17900	0.711	0.884
18000	0.719	0.866
18100	0.648	1.025
18200	0.797	0.744
18300	0.656	0.985
18400	0.703	0.854
18500	0.766	0.809
18600	0.719	0.845
18700	0.711	0.835
18800	0.711	0.745
18900	0.703	0.83
19000	0.742	0.702
19100	0.719	0.807
19200	0.711	0.843
19300	0.766	0.722
19400	0.68	0.857
19500	0.766	0.769
19600	0.813	0.65
19700	0.688	0.861
19800	0.734	0.789
19900	0.664	0.922
20000	0.703	0.784
20100	0.727	0.831
20200	0.727	0.709
20300	0.711	0.789
20400	0.789	0.699
20500	0.711	0.815
20600	0.766	0.722
20700	0.719	0.89
20800	0.742	0.691
20900	0.719	0.849
21000	0.766	0.764
21100	0.672	0.824
21200	0.781	0.697
21300	0.68	0.869
21400	0.711	0.796
21500	0.727	0.721
21600	0.734	0.819
21700	0.742	0.703
21800	0.719	0.745
21900	0.727	0.798
22000	0.758	0.694
22100	0.789	0.697
22200	0.781	0.655
22300	0.781	0.662
22400	0.742	0.818
22500	0.773	0.776
22600	0.781	0.681
22700	0.664	0.844
22800	0.742	0.734
22900	0.773	0.69
23000	0.797	0.661
23100	0.805	0.693
23200	0.734	0.756
23300	0.766	0.665
23400	0.789	0.706
23500	0.789	0.632
23600	0.82	0.647
23700	0.742	0.669
23800	0.734	0.746
23900	0.758	0.763
24000	0.766	0.658
24100	0.734	0.67
24200	0.781	0.626
24300	0.797	0.67
24400	0.781	0.694
24500	0.75	0.672
24600	0.758	0.724
24700	0.758	0.706
24800	0.758	0.638
24900	0.742	0.71
25000	0.813	0.601
25100	0.789	0.617
25200	0.852	0.539
25300	0.773	0.657
25400	0.719	0.744
25500	0.82	0.501
25600	0.758	0.665
25700	0.805	0.599
25800	0.797	0.64
25900	0.766	0.695
26000	0.797	0.479
26100	0.805	0.604
26200	0.813	0.597
26300	0.82	0.523
26400	0.75	0.702
26500	0.797	0.594
26600	0.805	0.551
26700	0.789	0.624
26800	0.781	0.613
26900	0.781	0.618
27000	0.773	0.574
27100	0.844	0.601
27200	0.797	0.575
27300	0.758	0.685
27400	0.867	0.505
27500	0.828	0.57
27600	0.875	0.521
27700	0.789	0.63
27800	0.734	0.779
27900	0.781	0.565
28000	0.789	0.599
28100	0.859	0.505
28200	0.82	0.613
28300	0.789	0.549
28400	0.836	0.546
28500	0.82	0.56
28600	0.773	0.598
28700	0.859	0.439
28800	0.75	0.637
28900	0.859	0.491
29000	0.875	0.502
29100	0.766	0.627
29200	0.828	0.59
29300	0.781	0.67
29400	0.789	0.604
29500	0.813	0.535
29600	0.828	0.606
29700	0.766	0.775
29800	0.789	0.574
29900	0.781	0.633
30000	0.813	0.509
30100	0.797	0.578
30200	0.805	0.57
30300	0.844	0.539
30400	0.805	0.555
30500	0.836	0.51
30600	0.867	0.467
30700	0.797	0.578
30800	0.844	0.503
30900	0.844	0.501
31000	0.844	0.48
31100	0.797	0.577
31200	0.844	0.514
31300	0.867	0.496
31400	0.805	0.525
31500	0.828	0.509
31600	0.859	0.462
31700	0.859	0.462
31800	0.82	0.526
31900	0.859	0.509
32000	0.797	0.469
32100	0.859	0.503
32200	0.836	0.548
32300	0.797	0.538
32400	0.82	0.453
32500	0.836	0.542
32600	0.836	0.492
32700	0.891	0.453
32800	0.852	0.489
32900	0.883	0.356
33000	0.852	0.466
33100	0.828	0.492
33200	0.82	0.551
33300	0.82	0.527
33400	0.828	0.508
33500	0.805	0.497
33600	0.836	0.479
33700	0.852	0.44
33800	0.875	0.454
33900	0.883	0.465
34000	0.836	0.516
34100	0.852	0.491
34200	0.836	0.465
34300	0.898	0.388
34400	0.891	0.372
34500	0.867	0.386
34600	0.82	0.55
34700	0.859	0.463
34800	0.844	0.488
34900	0.82	0.482
35000	0.867	0.472
35100	0.852	0.454
35200	0.852	0.489
35300	0.883	0.396
35400	0.836	0.498
35500	0.82	0.514
35600	0.93	0.374
35700	0.852	0.442
35800	0.859	0.436
35900	0.867	0.461
36000	0.852	0.486
36100	0.844	0.5
36200	0.836	0.448
36300	0.898	0.382
36400	0.867	0.374
36500	0.922	0.317
36600	0.906	0.378
36700	0.906	0.422
36800	0.852	0.412
36900	0.852	0.425
37000	0.891	0.417
37100	0.875	0.392
37200	0.906	0.366
37300	0.867	0.438
37400	0.867	0.448
37500	0.867	0.373
37600	0.906	0.379
37700	0.859	0.373
37800	0.828	0.432
37900	0.859	0.461
38000	0.891	0.398
38100	0.875	0.346
38200	0.844	0.385
38300	0.852	0.42
38400	0.82	0.411
38500	0.883	0.35
38600	0.813	0.473
38700	0.852	0.434
38800	0.922	0.347
38900	0.883	0.414
39000	0.859	0.37
39100	0.906	0.346
39200	0.875	0.339
39300	0.898	0.353
39400	0.914	0.335
39500	0.875	0.409
39600	0.914	0.318
39700	0.875	0.367
39800	0.844	0.409
39900	0.883	0.35
40000	0.875	0.373
40100	0.875	0.309
40200	0.914	0.34
40300	0.922	0.32
40400	0.922	0.327
40500	0.875	0.388
40600	0.852	0.405
40700	0.906	0.372
40800	0.898	0.298
40900	0.914	0.306
41000	0.891	0.32
41100	0.883	0.401
41200	0.875	0.356
41300	0.852	0.404
41400	0.883	0.347
41500	0.875	0.369
41600	0.945	0.324
41700	0.883	0.348
41800	0.898	0.371
41900	0.828	0.47
42000	0.883	0.371
42100	0.867	0.417
42200	0.898	0.351
42300	0.914	0.315
42400	0.883	0.337
42500	0.922	0.325
42600	0.93	0.31
42700	0.922	0.267
42800	0.914	0.325
42900	0.875	0.371
43000	0.922	0.297
43100	0.898	0.321
43200	0.906	0.282
43300	0.914	0.302
43400	0.883	0.35
43500	0.922	0.319
43600	0.922	0.288
43700	0.859	0.412
43800	0.938	0.315
43900	0.922	0.257
44000	0.867	0.376
44100	0.906	0.331
44200	0.938	0.291
44300	0.875	0.328
44400	0.883	0.374
44500	0.898	0.362
44600	0.898	0.299
44700	0.859	0.352
44800	0.961	0.247
44900	0.883	0.358
45000	0.93	0.257
45100	0.922	0.316
45200	0.914	0.269
45300	0.922	0.263
45400	0.891	0.352
45500	0.898	0.273
45600	0.922	0.279
45700	0.906	0.362
45800	0.961	0.248
45900	0.867	0.366
46000	0.906	0.339
46100	0.938	0.242
46200	0.93	0.261
46300	0.875	0.374
46400	0.93	0.266
46500	0.859	0.337
46600	0.93	0.254
46700	0.891	0.319
46800	0.914	0.294
46900	0.914	0.274
47000	0.867	0.368
47100	0.914	0.275
47200	0.898	0.311
47300	0.953	0.225
47400	0.961	0.208
47500	0.953	0.264
47600	0.922	0.26
47700	0.891	0.328
47800	0.906	0.314
47900	0.93	0.28
48000	0.883	0.39
48100	0.883	0.359
48200	0.938	0.234
48300	0.945	0.246
48400	0.867	0.352
48500	0.938	0.243
48600	0.93	0.242
48700	0.914	0.209
48800	0.891	0.284
48900	0.93	0.292
49000	0.953	0.199
49100	0.93	0.274
49200	0.922	0.217
49300	0.93	0.242
49400	0.945	0.237
49500	0.906	0.263
49600	0.93	0.319
49700	0.969	0.212
49800	0.922	0.222
49900	0.922	0.277
50000	0.961	0.24
